123	0.3686121919584955
007	0.021271076523994813
100	0.018158236057068743
666	0.018158236057068743
101	0.017380025940337225
111	0.017120622568093387
777	0.016861219195849545
321	0.014526588845654994
143	0.011673151750972763
456	0.00933852140077821
333	0.00933852140077821
555	0.008819714656290532
999	0.008819714656290532
911	0.007263294422827497
420	0.007003891050583658
001	0.006744487678339819
786	0.0062256809338521405
000	0.0059662775616083005
888	0.005188067444876783
500	0.005188067444876783
222	0.004928664072632944
098	0.004409857328145266
789	0.0036316472114137485
213	0.0033722438391699094
112	0.0033722438391699094
247	0.0031128404669260703
444	0.0031128404669260703
200	0.0031128404669260703
187	0.0031128404669260703
125	0.0028534370946822307
102	0.0028534370946822307
124	0.0028534370946822307
313	0.0028534370946822307
357	0.0025940337224383916
214	0.0025940337224383916
619	0.0025940337224383916
009	0.0025940337224383916
209	0.0023346303501945525
318	0.0023346303501945525
246	0.0023346303501945525
369	0.0023346303501945525
182	0.0023346303501945525
320	0.0020752269779507134
003	0.0020752269779507134
520	0.0020752269779507134
305	0.0020752269779507134
122	0.0020752269779507134
890	0.0020752269779507134
012	0.0020752269779507134
121	0.0020752269779507134
218	0.0018158236057068742
203	0.0018158236057068742
234	0.0018158236057068742
199	0.0018158236057068742
107	0.0018158236057068742
567	0.0018158236057068742
324	0.0018158236057068742
224	0.0018158236057068742
345	0.0018158236057068742
147	0.0018158236057068742
023	0.0018158236057068742
011	0.0018158236057068742
202	0.0018158236057068742
008	0.0018158236057068742
212	0.0018158236057068742
190	0.0018158236057068742
525	0.0018158236057068742
220	0.0018158236057068742
126	0.0018158236057068742
127	0.0015564202334630351
210	0.0015564202334630351
159	0.0015564202334630351
400	0.0015564202334630351
205	0.0015564202334630351
109	0.0015564202334630351
129	0.0015564202334630351
227	0.0015564202334630351
120	0.0015564202334630351
963	0.0015564202334630351
250	0.0015564202334630351
717	0.0015564202334630351
225	0.0015564202334630351
678	0.0012970168612191958
201	0.0012970168612191958
020	0.0012970168612191958
005	0.0012970168612191958
419	0.0012970168612191958
312	0.0012970168612191958
103	0.0012970168612191958
711	0.0012970168612191958
753	0.0012970168612191958
223	0.0012970168612191958
010	0.0012970168612191958
177	0.0012970168612191958
805	0.0012970168612191958
515	0.0012970168612191958
300	0.0012970168612191958
600	0.0012970168612191958
133	0.0010376134889753567
360	0.0010376134889753567
160	0.0010376134889753567
231	0.0010376134889753567
104	0.0010376134889753567
622	0.0010376134889753567
137	0.0010376134889753567
135	0.0010376134889753567
002	0.0010376134889753567
458	0.0010376134889753567
896	0.0010376134889753567
707	0.0010376134889753567
314	0.0010376134889753567
108	0.0010376134889753567
731	0.0010376134889753567
323	0.0010376134889753567
117	0.0010376134889753567
317	0.0010376134889753567
192	0.0010376134889753567
512	0.0010376134889753567
134	0.0010376134889753567
024	0.0010376134889753567
900	0.0010376134889753567
821	0.0010376134889753567
411	0.0010376134889753567
509	0.0010376134889753567
145	0.0010376134889753567
028	0.0010376134889753567
808	0.0010376134889753567
757	0.0010376134889753567
828	0.0010376134889753567
492	0.0010376134889753567
319	0.0007782101167315176
719	0.0007782101167315176
529	0.0007782101167315176
356	0.0007782101167315176
429	0.0007782101167315176
118	0.0007782101167315176
627	0.0007782101167315176
716	0.0007782101167315176
415	0.0007782101167315176
723	0.0007782101167315176
513	0.0007782101167315176
169	0.0007782101167315176
315	0.0007782101167315176
714	0.0007782101167315176
289	0.0007782101167315176
741	0.0007782101167315176
987	0.0007782101167315176
157	0.0007782101167315176
620	0.0007782101167315176
114	0.0007782101167315176
700	0.0007782101167315176
105	0.0007782101167315176
180	0.0007782101167315176
991	0.0007782101167315176
727	0.0007782101167315176
252	0.0007782101167315176
800	0.0007782101167315176
017	0.0007782101167315176
778	0.0007782101167315176
014	0.0007782101167315176
410	0.0007782101167315176
328	0.0007782101167315176
550	0.0007782101167315176
953	0.0007782101167315176
035	0.0007782101167315176
517	0.0007782101167315176
611	0.0007782101167315176
013	0.0007782101167315176
713	0.0007782101167315176
969	0.0007782101167315176
984	0.0007782101167315176
165	0.0007782101167315176
221	0.0007782101167315176
476	0.0007782101167315176
425	0.0007782101167315176
626	0.0007782101167315176
524	0.0007782101167315176
929	0.0007782101167315176
193	0.0007782101167315176
817	0.0007782101167315176
951	0.0007782101167315176
516	0.0007782101167315176
243	0.0007782101167315176
388	0.0007782101167315176
245	0.0007782101167315176
927	0.0007782101167315176
523	0.0007782101167315176
480	0.0007782101167315176
274	0.0007782101167315176
881	0.0007782101167315176
089	0.0007782101167315176
306	0.0007782101167315176
216	0.0007782101167315176
531	0.0007782101167315176
562	0.0007782101167315176
414	0.0007782101167315176
457	0.0007782101167315176
637	0.0007782101167315176
530	0.0007782101167315176
132	0.0007782101167315176
430	0.0007782101167315176
447	0.0007782101167315176
880	0.0007782101167315176
215	0.0007782101167315176
229	0.0007782101167315176
021	0.0007782101167315176
113	0.0007782101167315176
329	0.0007782101167315176
110	0.0007782101167315176
316	0.0007782101167315176
176	0.0005188067444876783
895	0.0005188067444876783
704	0.0005188067444876783
760	0.0005188067444876783
424	0.0005188067444876783
128	0.0005188067444876783
189	0.0005188067444876783
824	0.0005188067444876783
538	0.0005188067444876783
918	0.0005188067444876783
514	0.0005188067444876783
606	0.0005188067444876783
628	0.0005188067444876783
650	0.0005188067444876783
876	0.0005188067444876783
728	0.0005188067444876783
309	0.0005188067444876783
510	0.0005188067444876783
166	0.0005188067444876783
092	0.0005188067444876783
230	0.0005188067444876783
239	0.0005188067444876783
844	0.0005188067444876783
684	0.0005188067444876783
253	0.0005188067444876783
450	0.0005188067444876783
136	0.0005188067444876783
528	0.0005188067444876783
233	0.0005188067444876783
959	0.0005188067444876783
668	0.0005188067444876783
739	0.0005188067444876783
490	0.0005188067444876783
696	0.0005188067444876783
069	0.0005188067444876783
699	0.0005188067444876783
955	0.0005188067444876783
949	0.0005188067444876783
518	0.0005188067444876783
238	0.0005188067444876783
237	0.0005188067444876783
553	0.0005188067444876783
059	0.0005188067444876783
018	0.0005188067444876783
258	0.0005188067444876783
623	0.0005188067444876783
087	0.0005188067444876783
365	0.0005188067444876783
244	0.0005188067444876783
402	0.0005188067444876783
669	0.0005188067444876783
248	0.0005188067444876783
037	0.0005188067444876783
924	0.0005188067444876783
378	0.0005188067444876783
275	0.0005188067444876783
710	0.0005188067444876783
401	0.0005188067444876783
256	0.0005188067444876783
454	0.0005188067444876783
624	0.0005188067444876783
537	0.0005188067444876783
812	0.0005188067444876783
372	0.0005188067444876783
278	0.0005188067444876783
703	0.0005188067444876783
615	0.0005188067444876783
607	0.0005188067444876783
860	0.0005188067444876783
823	0.0005188067444876783
663	0.0005188067444876783
535	0.0005188067444876783
591	0.0005188067444876783
736	0.0005188067444876783
914	0.0005188067444876783
383	0.0005188067444876783
140	0.0005188067444876783
385	0.0005188067444876783
301	0.0005188067444876783
426	0.0005188067444876783
804	0.0005188067444876783
363	0.0005188067444876783
819	0.0005188067444876783
504	0.0005188067444876783
852	0.0005188067444876783
310	0.0005188067444876783
417	0.0005188067444876783
292	0.0005188067444876783
006	0.0005188067444876783
463	0.0005188067444876783
350	0.0005188067444876783
236	0.0005188067444876783
251	0.0005188067444876783
712	0.0005188067444876783
630	0.0005188067444876783
916	0.0005188067444876783
473	0.0005188067444876783
358	0.0005188067444876783
522	0.0005188067444876783
636	0.0005188067444876783
917	0.0005188067444876783
106	0.0005188067444876783
971	0.0005188067444876783
228	0.0005188067444876783
909	0.0005188067444876783
030	0.0005188067444876783
167	0.0005188067444876783
604	0.0005188067444876783
519	0.0005188067444876783
303	0.0005188067444876783
285	0.0005188067444876783
557	0.0005188067444876783
855	0.0005188067444876783
965	0.0005188067444876783
156	0.0005188067444876783
744	0.0005188067444876783
241	0.0005188067444876783
022	0.0005188067444876783
996	0.0005188067444876783
831	0.0005188067444876783
747	0.0005188067444876783
348	0.0005188067444876783
482	0.0005188067444876783
785	0.0005188067444876783
697	0.0005188067444876783
196	0.0005188067444876783
427	0.0005188067444876783
602	0.0005188067444876783
217	0.0005188067444876783
311	0.0005188067444876783
398	0.0005188067444876783
294	0.0005188067444876783
609	0.0005188067444876783
642	0.0005188067444876783
809	0.0005188067444876783
070	0.0005188067444876783
019	0.0005188067444876783
462	0.0005188067444876783
511	0.0005188067444876783
071	0.0005188067444876783
195	0.0005188067444876783
616	0.0005188067444876783
015	0.0005188067444876783
569	0.0005188067444876783
837	0.0005188067444876783
349	0.0005188067444876783
211	0.0005188067444876783
580	0.0005188067444876783
552	0.0005188067444876783
366	0.0005188067444876783
336	0.0005188067444876783
390	0.0005188067444876783
352	0.0005188067444876783
262	0.0005188067444876783
404	0.0005188067444876783
026	0.0005188067444876783
614	0.0005188067444876783
455	0.0005188067444876783
724	0.0005188067444876783
296	0.0005188067444876783
784	0.0005188067444876783
254	0.0005188067444876783
621	0.0005188067444876783
403	0.0005188067444876783
598	0.0005188067444876783
676	0.0005188067444876783
432	0.0005188067444876783
706	0.0005188067444876783
179	0.0005188067444876783
635	0.0005188067444876783
486	0.0005188067444876783
268	0.0005188067444876783
732	0.00025940337224383917
776	0.00025940337224383917
834	0.00025940337224383917
302	0.00025940337224383917
791	0.00025940337224383917
782	0.00025940337224383917
655	0.00025940337224383917
990	0.00025940337224383917
062	0.00025940337224383917
138	0.00025940337224383917
612	0.00025940337224383917
044	0.00025940337224383917
379	0.00025940337224383917
556	0.00025940337224383917
337	0.00025940337224383917
815	0.00025940337224383917
505	0.00025940337224383917
240	0.00025940337224383917
771	0.00025940337224383917
141	0.00025940337224383917
807	0.00025940337224383917
957	0.00025940337224383917
617	0.00025940337224383917
903	0.00025940337224383917
204	0.00025940337224383917
351	0.00025940337224383917
266	0.00025940337224383917
686	0.00025940337224383917
572	0.00025940337224383917
788	0.00025940337224383917
452	0.00025940337224383917
284	0.00025940337224383917
421	0.00025940337224383917
053	0.00025940337224383917
660	0.00025940337224383917
235	0.00025940337224383917
549	0.00025940337224383917
295	0.00025940337224383917
191	0.00025940337224383917
599	0.00025940337224383917
445	0.00025940337224383917
387	0.00025940337224383917
152	0.00025940337224383917
625	0.00025940337224383917
459	0.00025940337224383917
325	0.00025940337224383917
263	0.00025940337224383917
042	0.00025940337224383917
261	0.00025940337224383917
277	0.00025940337224383917
031	0.00025940337224383917
198	0.00025940337224383917
280	0.00025940337224383917
064	0.00025940337224383917
581	0.00025940337224383917
734	0.00025940337224383917
956	0.00025940337224383917
901	0.00025940337224383917
690	0.00025940337224383917
149	0.00025940337224383917
131	0.00025940337224383917
720	0.00025940337224383917
610	0.00025940337224383917
065	0.00025940337224383917
130	0.00025940337224383917
144	0.00025940337224383917
375	0.00025940337224383917
527	0.00025940337224383917
099	0.00025940337224383917
654	0.00025940337224383917
566	0.00025940337224383917
814	0.00025940337224383917
448	0.00025940337224383917
749	0.00025940337224383917
891	0.00025940337224383917
970	0.00025940337224383917
391	0.00025940337224383917
708	0.00025940337224383917
270	0.00025940337224383917
353	0.00025940337224383917
038	0.00025940337224383917
919	0.00025940337224383917
833	0.00025940337224383917
920	0.00025940337224383917
283	0.00025940337224383917
154	0.00025940337224383917
662	0.00025940337224383917
718	0.00025940337224383917
040	0.00025940337224383917
259	0.00025940337224383917
442	0.00025940337224383917
629	0.00025940337224383917
178	0.00025940337224383917
299	0.00025940337224383917
715	0.00025940337224383917
077	0.00025940337224383917
584	0.00025940337224383917
533	0.00025940337224383917
342	0.00025940337224383917
066	0.00025940337224383917
409	0.00025940337224383917
733	0.00025940337224383917
082	0.00025940337224383917
483	0.00025940337224383917
460	0.00025940337224383917
507	0.00025940337224383917
539	0.00025940337224383917
829	0.00025940337224383917
115	0.00025940337224383917
428	0.00025940337224383917
679	0.00025940337224383917
434	0.00025940337224383917
347	0.00025940337224383917
267	0.00025940337224383917
081	0.00025940337224383917
545	0.00025940337224383917
994	0.00025940337224383917
802	0.00025940337224383917
585	0.00025940337224383917
871	0.00025940337224383917
004	0.00025940337224383917
502	0.00025940337224383917
142	0.00025940337224383917
412	0.00025940337224383917
083	0.00025940337224383917
542	0.00025940337224383917
335	0.00025940337224383917
721	0.00025940337224383917
465	0.00025940337224383917
151	0.00025940337224383917
498	0.00025940337224383917
722	0.00025940337224383917
364	0.00025940337224383917
978	0.00025940337224383917
870	0.00025940337224383917
273	0.00025940337224383917
850	0.00025940337224383917
438	0.00025940337224383917
765	0.00025940337224383917
045	0.00025940337224383917
667	0.00025940337224383917
671	0.00025940337224383917
644	0.00025940337224383917
683	0.00025940337224383917
084	0.00025940337224383917
043	0.00025940337224383917
171	0.00025940337224383917
119	0.00025940337224383917
772	0.00025940337224383917
842	0.00025940337224383917
743	0.00025940337224383917
464	0.00025940337224383917
423	0.00025940337224383917
067	0.00025940337224383917
945	0.00025940337224383917
762	0.00025940337224383917
396	0.00025940337224383917
086	0.00025940337224383917
175	0.00025940337224383917
583	0.00025940337224383917
354	0.00025940337224383917
928	0.00025940337224383917
882	0.00025940337224383917
889	0.00025940337224383917
029	0.00025940337224383917
467	0.00025940337224383917
653	0.00025940337224383917
907	0.00025940337224383917
787	0.00025940337224383917
597	0.00025940337224383917
579	0.00025940337224383917
977	0.00025940337224383917
208	0.00025940337224383917
027	0.00025940337224383917
608	0.00025940337224383917
863	0.00025940337224383917
170	0.00025940337224383917
692	0.00025940337224383917
479	0.00025940337224383917
913	0.00025940337224383917
392	0.00025940337224383917
188	0.00025940337224383917
634	0.00025940337224383917
226	0.00025940337224383917
763	0.00025940337224383917
586	0.00025940337224383917
578	0.00025940337224383917
576	0.00025940337224383917
843	0.00025940337224383917
659	0.00025940337224383917
380	0.00025940337224383917
384	0.00025940337224383917
431	0.00025940337224383917
775	0.00025940337224383917
997	0.00025940337224383917
873	0.00025940337224383917
737	0.00025940337224383917
206	0.00025940337224383917
395	0.00025940337224383917
484	0.00025940337224383917
436	0.00025940337224383917
792	0.00025940337224383917
985	0.00025940337224383917
173	0.00025940337224383917
327	0.00025940337224383917
307	0.00025940337224383917
466	0.00025940337224383917
260	0.00025940337224383917
587	0.00025940337224383917
290	0.00025940337224383917
242	0.00025940337224383917
925	0.00025940337224383917
055	0.00025940337224383917
281	0.00025940337224383917
413	0.00025940337224383917
898	0.00025940337224383917
601	0.00025940337224383917
764	0.00025940337224383917
806	0.00025940337224383917
168	0.00025940337224383917
810	0.00025940337224383917
139	0.00025940337224383917
287	0.00025940337224383917
331	0.00025940337224383917
094	0.00025940337224383917
705	0.00025940337224383917
816	0.00025940337224383917
048	0.00025940337224383917
613	0.00025940337224383917
386	0.00025940337224383917
308	0.00025940337224383917
756	0.00025940337224383917
264	0.00025940337224383917
790	0.00025940337224383917
481	0.00025940337224383917
150	0.00025940337224383917
326	0.00025940337224383917
080	0.00025940337224383917
547	0.00025940337224383917
922	0.00025940337224383917
846	0.00025940337224383917
088	0.00025940337224383917
745	0.00025940337224383917
181	0.00025940337224383917
276	0.00025940337224383917
930	0.00025940337224383917
878	0.00025940337224383917
794	0.00025940337224383917
672	0.00025940337224383917
750	0.00025940337224383917
526	0.00025940337224383917
998	0.00025940337224383917
899	0.00025940337224383917
435	0.00025940337224383917
540	0.00025940337224383917
675	0.00025940337224383917
376	0.00025940337224383917
174	0.00025940337224383917
116	0.00025940337224383917
935	0.00025940337224383917
801	0.00025940337224383917
874	0.00025940337224383917
332	0.00025940337224383917
730	0.00025940337224383917
904	0.00025940337224383917
596	0.00025940337224383917
041	0.00025940337224383917
939	0.00025940337224383917
536	0.00025940337224383917
840	0.00025940337224383917
952	0.00025940337224383917
645	0.00025940337224383917
915	0.00025940337224383917
746	0.00025940337224383917
836	0.00025940337224383917
501	0.00025940337224383917
155	0.00025940337224383917
257	0.00025940337224383917
941	0.00025940337224383917
822	0.00025940337224383917
560	0.00025940337224383917
025	0.00025940337224383917
322	0.00025940337224383917
640	0.00025940337224383917
910	0.00025940337224383917
