1234567	0.006435006435006435
7777777	0.002574002574002574
5201314	0.0019305019305019305
1234566	0.001287001287001287
1111111	0.001287001287001287
0159891	0.0006435006435006435
2563873	0.0006435006435006435
5388059	0.0006435006435006435
4431500	0.0006435006435006435
5301488	0.0006435006435006435
3893639	0.0006435006435006435
8596826	0.0006435006435006435
0991979	0.0006435006435006435
0107999	0.0006435006435006435
5873323	0.0006435006435006435
2319700	0.0006435006435006435
7144958	0.0006435006435006435
0606010	0.0006435006435006435
4120462	0.0006435006435006435
3388973	0.0006435006435006435
2305999	0.0006435006435006435
1999144	0.0006435006435006435
5535252	0.0006435006435006435
0500677	0.0006435006435006435
0813727	0.0006435006435006435
5250156	0.0006435006435006435
0019439	0.0006435006435006435
6845245	0.0006435006435006435
3141811	0.0006435006435006435
6378619	0.0006435006435006435
9065734	0.0006435006435006435
4122027	0.0006435006435006435
6102265	0.0006435006435006435
2000914	0.0006435006435006435
6580662	0.0006435006435006435
6434743	0.0006435006435006435
1302200	0.0006435006435006435
7611190	0.0006435006435006435
9110725	0.0006435006435006435
1738855	0.0006435006435006435
5895999	0.0006435006435006435
8422800	0.0006435006435006435
3256743	0.0006435006435006435
9719543	0.0006435006435006435
8829268	0.0006435006435006435
2037678	0.0006435006435006435
5400723	0.0006435006435006435
2302929	0.0006435006435006435
1347365	0.0006435006435006435
9601894	0.0006435006435006435
1417861	0.0006435006435006435
2865385	0.0006435006435006435
5152871	0.0006435006435006435
8684999	0.0006435006435006435
1254360	0.0006435006435006435
4626060	0.0006435006435006435
5144330	0.0006435006435006435
8387387	0.0006435006435006435
0808008	0.0006435006435006435
4250455	0.0006435006435006435
5553334	0.0006435006435006435
2271127	0.0006435006435006435
2632247	0.0006435006435006435
1237895	0.0006435006435006435
1992385	0.0006435006435006435
0987654	0.0006435006435006435
1726354	0.0006435006435006435
9649339	0.0006435006435006435
6215588	0.0006435006435006435
7289661	0.0006435006435006435
4505316	0.0006435006435006435
2424247	0.0006435006435006435
4327980	0.0006435006435006435
8238996	0.0006435006435006435
4771044	0.0006435006435006435
2551786	0.0006435006435006435
1972118	0.0006435006435006435
2354475	0.0006435006435006435
1333331	0.0006435006435006435
6713633	0.0006435006435006435
6729781	0.0006435006435006435
3121843	0.0006435006435006435
7430559	0.0006435006435006435
1521993	0.0006435006435006435
3565459	0.0006435006435006435
2121943	0.0006435006435006435
4918607	0.0006435006435006435
7215272	0.0006435006435006435
9713173	0.0006435006435006435
6102530	0.0006435006435006435
5336662	0.0006435006435006435
9444293	0.0006435006435006435
6789012	0.0006435006435006435
2166712	0.0006435006435006435
6540699	0.0006435006435006435
1070972	0.0006435006435006435
0409395	0.0006435006435006435
7071955	0.0006435006435006435
8169369	0.0006435006435006435
4169289	0.0006435006435006435
5536219	0.0006435006435006435
8675309	0.0006435006435006435
8050200	0.0006435006435006435
5721295	0.0006435006435006435
2323230	0.0006435006435006435
7639266	0.0006435006435006435
9114938	0.0006435006435006435
4321597	0.0006435006435006435
2108899	0.0006435006435006435
5157007	0.0006435006435006435
1212191	0.0006435006435006435
5574145	0.0006435006435006435
0153215	0.0006435006435006435
9712641	0.0006435006435006435
7883546	0.0006435006435006435
5921131	0.0006435006435006435
4154056	0.0006435006435006435
2230736	0.0006435006435006435
7006652	0.0006435006435006435
2668385	0.0006435006435006435
8488395	0.0006435006435006435
3883256	0.0006435006435006435
1008000	0.0006435006435006435
1888881	0.0006435006435006435
8751429	0.0006435006435006435
2555358	0.0006435006435006435
2185205	0.0006435006435006435
1475369	0.0006435006435006435
4237910	0.0006435006435006435
5294342	0.0006435006435006435
1532540	0.0006435006435006435
8686533	0.0006435006435006435
9644078	0.0006435006435006435
2236267	0.0006435006435006435
0170500	0.0006435006435006435
0891979	0.0006435006435006435
9000000	0.0006435006435006435
6956666	0.0006435006435006435
2017869	0.0006435006435006435
4321452	0.0006435006435006435
5019565	0.0006435006435006435
7574175	0.0006435006435006435
0204955	0.0006435006435006435
9468972	0.0006435006435006435
4254863	0.0006435006435006435
1680470	0.0006435006435006435
8952693	0.0006435006435006435
4302410	0.0006435006435006435
9310232	0.0006435006435006435
1000000	0.0006435006435006435
1434433	0.0006435006435006435
2993092	0.0006435006435006435
4408801	0.0006435006435006435
3169770	0.0006435006435006435
2711989	0.0006435006435006435
9108965	0.0006435006435006435
0869784	0.0006435006435006435
8587112	0.0006435006435006435
8198283	0.0006435006435006435
6823598	0.0006435006435006435
1731991	0.0006435006435006435
1087781	0.0006435006435006435
5482733	0.0006435006435006435
1976820	0.0006435006435006435
8997881	0.0006435006435006435
2227701	0.0006435006435006435
3737244	0.0006435006435006435
5623611	0.0006435006435006435
1231983	0.0006435006435006435
9437111	0.0006435006435006435
0022222	0.0006435006435006435
1259807	0.0006435006435006435
9719731	0.0006435006435006435
4973934	0.0006435006435006435
6404693	0.0006435006435006435
3314652	0.0006435006435006435
2306315	0.0006435006435006435
2481369	0.0006435006435006435
0214218	0.0006435006435006435
2580777	0.0006435006435006435
3946793	0.0006435006435006435
6341157	0.0006435006435006435
9912314	0.0006435006435006435
7727635	0.0006435006435006435
5653593	0.0006435006435006435
0004521	0.0006435006435006435
5712304	0.0006435006435006435
5010054	0.0006435006435006435
8776612	0.0006435006435006435
8215254	0.0006435006435006435
6812518	0.0006435006435006435
3590176	0.0006435006435006435
5817066	0.0006435006435006435
0528148	0.0006435006435006435
8880741	0.0006435006435006435
3559743	0.0006435006435006435
5924434	0.0006435006435006435
4830137	0.0006435006435006435
9032385	0.0006435006435006435
9788882	0.0006435006435006435
2493536	0.0006435006435006435
4465253	0.0006435006435006435
4326385	0.0006435006435006435
2331978	0.0006435006435006435
4575548	0.0006435006435006435
0500115	0.0006435006435006435
4957371	0.0006435006435006435
3021961	0.0006435006435006435
2196513	0.0006435006435006435
3535435	0.0006435006435006435
8512828	0.0006435006435006435
5375051	0.0006435006435006435
9049078	0.0006435006435006435
5457984	0.0006435006435006435
1233364	0.0006435006435006435
2035153	0.0006435006435006435
8568959	0.0006435006435006435
3824363	0.0006435006435006435
4036781	0.0006435006435006435
4525038	0.0006435006435006435
1108987	0.0006435006435006435
2234222	0.0006435006435006435
2075253	0.0006435006435006435
6680814	0.0006435006435006435
1022659	0.0006435006435006435
7842433	0.0006435006435006435
5158053	0.0006435006435006435
8364578	0.0006435006435006435
7676768	0.0006435006435006435
5575813	0.0006435006435006435
4901492	0.0006435006435006435
6526257	0.0006435006435006435
2721678	0.0006435006435006435
2486759	0.0006435006435006435
3419964	0.0006435006435006435
4857215	0.0006435006435006435
5230664	0.0006435006435006435
3572470	0.0006435006435006435
3449430	0.0006435006435006435
0153069	0.0006435006435006435
1262549	0.0006435006435006435
6886869	0.0006435006435006435
2865229	0.0006435006435006435
9261985	0.0006435006435006435
5852477	0.0006435006435006435
1003220	0.0006435006435006435
0906980	0.0006435006435006435
4403194	0.0006435006435006435
2797043	0.0006435006435006435
1212120	0.0006435006435006435
8043734	0.0006435006435006435
7669325	0.0006435006435006435
3579123	0.0006435006435006435
0104440	0.0006435006435006435
0034653	0.0006435006435006435
2001767	0.0006435006435006435
8241051	0.0006435006435006435
9126975	0.0006435006435006435
1011960	0.0006435006435006435
7676600	0.0006435006435006435
2523126	0.0006435006435006435
0123456	0.0006435006435006435
5422527	0.0006435006435006435
7593207	0.0006435006435006435
7825631	0.0006435006435006435
4310250	0.0006435006435006435
4156490	0.0006435006435006435
2593982	0.0006435006435006435
6531213	0.0006435006435006435
4726988	0.0006435006435006435
1357911	0.0006435006435006435
9231100	0.0006435006435006435
7781825	0.0006435006435006435
3014101	0.0006435006435006435
7322537	0.0006435006435006435
1596321	0.0006435006435006435
1991422	0.0006435006435006435
4624191	0.0006435006435006435
5357129	0.0006435006435006435
5622978	0.0006435006435006435
5007300	0.0006435006435006435
1985007	0.0006435006435006435
1391921	0.0006435006435006435
6417054	0.0006435006435006435
2213495	0.0006435006435006435
2766573	0.0006435006435006435
2635146	0.0006435006435006435
2491990	0.0006435006435006435
4896953	0.0006435006435006435
2168413	0.0006435006435006435
2981283	0.0006435006435006435
3111782	0.0006435006435006435
4610113	0.0006435006435006435
6139976	0.0006435006435006435
1927461	0.0006435006435006435
2204662	0.0006435006435006435
1987930	0.0006435006435006435
2010212	0.0006435006435006435
5353456	0.0006435006435006435
2897083	0.0006435006435006435
3101229	0.0006435006435006435
3210248	0.0006435006435006435
2369229	0.0006435006435006435
8547131	0.0006435006435006435
9312512	0.0006435006435006435
1312666	0.0006435006435006435
0500910	0.0006435006435006435
2256014	0.0006435006435006435
5804841	0.0006435006435006435
1116914	0.0006435006435006435
2654579	0.0006435006435006435
6119691	0.0006435006435006435
7457498	0.0006435006435006435
8561826	0.0006435006435006435
2572361	0.0006435006435006435
8323133	0.0006435006435006435
7957985	0.0006435006435006435
0191253	0.0006435006435006435
8568695	0.0006435006435006435
7001647	0.0006435006435006435
2532293	0.0006435006435006435
8000880	0.0006435006435006435
1911150	0.0006435006435006435
2919339	0.0006435006435006435
6421380	0.0006435006435006435
4567004	0.0006435006435006435
8726266	0.0006435006435006435
2392576	0.0006435006435006435
4083812	0.0006435006435006435
6231360	0.0006435006435006435
4766453	0.0006435006435006435
7433832	0.0006435006435006435
0793433	0.0006435006435006435
7423967	0.0006435006435006435
3863292	0.0006435006435006435
9212658	0.0006435006435006435
6543211	0.0006435006435006435
5204669	0.0006435006435006435
8403613	0.0006435006435006435
1256923	0.0006435006435006435
3772056	0.0006435006435006435
2572019	0.0006435006435006435
3052529	0.0006435006435006435
9806225	0.0006435006435006435
1979999	0.0006435006435006435
4165545	0.0006435006435006435
1045748	0.0006435006435006435
3503997	0.0006435006435006435
5019920	0.0006435006435006435
7707299	0.0006435006435006435
3235412	0.0006435006435006435
0228888	0.0006435006435006435
4653462	0.0006435006435006435
7535645	0.0006435006435006435
4102900	0.0006435006435006435
9803723	0.0006435006435006435
3320292	0.0006435006435006435
6033274	0.0006435006435006435
2866007	0.0006435006435006435
2742972	0.0006435006435006435
2020206	0.0006435006435006435
0277792	0.0006435006435006435
9911413	0.0006435006435006435
8114645	0.0006435006435006435
7344891	0.0006435006435006435
9660094	0.0006435006435006435
3698796	0.0006435006435006435
2451540	0.0006435006435006435
5378308	0.0006435006435006435
5856138	0.0006435006435006435
8035347	0.0006435006435006435
9191620	0.0006435006435006435
5350293	0.0006435006435006435
8822448	0.0006435006435006435
2451652	0.0006435006435006435
4530600	0.0006435006435006435
0021442	0.0006435006435006435
7127443	0.0006435006435006435
3310460	0.0006435006435006435
5474231	0.0006435006435006435
3274428	0.0006435006435006435
2684524	0.0006435006435006435
7145457	0.0006435006435006435
0551150	0.0006435006435006435
7702880	0.0006435006435006435
2271316	0.0006435006435006435
0202990	0.0006435006435006435
7654321	0.0006435006435006435
0640545	0.0006435006435006435
2442163	0.0006435006435006435
1221993	0.0006435006435006435
7231722	0.0006435006435006435
9876550	0.0006435006435006435
1461322	0.0006435006435006435
8575456	0.0006435006435006435
6595822	0.0006435006435006435
2831994	0.0006435006435006435
4004110	0.0006435006435006435
2020963	0.0006435006435006435
2104332	0.0006435006435006435
4121986	0.0006435006435006435
5519941	0.0006435006435006435
7410101	0.0006435006435006435
7879747	0.0006435006435006435
3427948	0.0006435006435006435
6321036	0.0006435006435006435
5325090	0.0006435006435006435
2241990	0.0006435006435006435
4521372	0.0006435006435006435
9549509	0.0006435006435006435
5295182	0.0006435006435006435
7710531	0.0006435006435006435
1234321	0.0006435006435006435
1807988	0.0006435006435006435
8232074	0.0006435006435006435
1171990	0.0006435006435006435
4741625	0.0006435006435006435
1856238	0.0006435006435006435
2411986	0.0006435006435006435
2166418	0.0006435006435006435
2858924	0.0006435006435006435
8586341	0.0006435006435006435
8763052	0.0006435006435006435
7774343	0.0006435006435006435
2261338	0.0006435006435006435
3650365	0.0006435006435006435
4326166	0.0006435006435006435
5955225	0.0006435006435006435
9056156	0.0006435006435006435
4910607	0.0006435006435006435
3334703	0.0006435006435006435
9489145	0.0006435006435006435
7032060	0.0006435006435006435
4241984	0.0006435006435006435
2010280	0.0006435006435006435
3228301	0.0006435006435006435
3056724	0.0006435006435006435
8218387	0.0006435006435006435
3333449	0.0006435006435006435
9112012	0.0006435006435006435
8852324	0.0006435006435006435
2138220	0.0006435006435006435
8854823	0.0006435006435006435
8743637	0.0006435006435006435
0946400	0.0006435006435006435
6528782	0.0006435006435006435
2612789	0.0006435006435006435
9713428	0.0006435006435006435
6627208	0.0006435006435006435
4812154	0.0006435006435006435
6552788	0.0006435006435006435
7801069	0.0006435006435006435
4765254	0.0006435006435006435
5619936	0.0006435006435006435
8501443	0.0006435006435006435
5723214	0.0006435006435006435
6771123	0.0006435006435006435
8170398	0.0006435006435006435
1583737	0.0006435006435006435
4562897	0.0006435006435006435
5432815	0.0006435006435006435
6284330	0.0006435006435006435
4559054	0.0006435006435006435
4155839	0.0006435006435006435
2010680	0.0006435006435006435
1432323	0.0006435006435006435
6329443	0.0006435006435006435
8273495	0.0006435006435006435
3444501	0.0006435006435006435
7854547	0.0006435006435006435
2306201	0.0006435006435006435
4284882	0.0006435006435006435
4613258	0.0006435006435006435
1522078	0.0006435006435006435
6262364	0.0006435006435006435
2323232	0.0006435006435006435
1093958	0.0006435006435006435
5065661	0.0006435006435006435
1265188	0.0006435006435006435
3492838	0.0006435006435006435
6855098	0.0006435006435006435
8400666	0.0006435006435006435
4412137	0.0006435006435006435
1016649	0.0006435006435006435
5407307	0.0006435006435006435
1010105	0.0006435006435006435
1973066	0.0006435006435006435
7240994	0.0006435006435006435
5660375	0.0006435006435006435
2695789	0.0006435006435006435
8866742	0.0006435006435006435
9201618	0.0006435006435006435
9810574	0.0006435006435006435
6230948	0.0006435006435006435
7650921	0.0006435006435006435
7707780	0.0006435006435006435
0000007	0.0006435006435006435
0610278	0.0006435006435006435
3600223	0.0006435006435006435
5282842	0.0006435006435006435
6885590	0.0006435006435006435
8702973	0.0006435006435006435
5338788	0.0006435006435006435
9700921	0.0006435006435006435
1011234	0.0006435006435006435
0009000	0.0006435006435006435
5037189	0.0006435006435006435
9214907	0.0006435006435006435
3845771	0.0006435006435006435
2791989	0.0006435006435006435
6279629	0.0006435006435006435
5774969	0.0006435006435006435
4327968	0.0006435006435006435
2912008	0.0006435006435006435
1834868	0.0006435006435006435
2795578	0.0006435006435006435
2260747	0.0006435006435006435
5332168	0.0006435006435006435
3475258	0.0006435006435006435
2704311	0.0006435006435006435
1908159	0.0006435006435006435
2294282	0.0006435006435006435
0639103	0.0006435006435006435
7543966	0.0006435006435006435
8176435	0.0006435006435006435
0033812	0.0006435006435006435
0122124	0.0006435006435006435
2907960	0.0006435006435006435
4248840	0.0006435006435006435
5659387	0.0006435006435006435
8400964	0.0006435006435006435
7525210	0.0006435006435006435
2024251	0.0006435006435006435
4866663	0.0006435006435006435
8071757	0.0006435006435006435
7171074	0.0006435006435006435
9395160	0.0006435006435006435
0310903	0.0006435006435006435
5251742	0.0006435006435006435
8896765	0.0006435006435006435
6614570	0.0006435006435006435
2154587	0.0006435006435006435
4362371	0.0006435006435006435
8880009	0.0006435006435006435
3326832	0.0006435006435006435
2454187	0.0006435006435006435
2342951	0.0006435006435006435
1041968	0.0006435006435006435
5273683	0.0006435006435006435
5616016	0.0006435006435006435
4632187	0.0006435006435006435
9877890	0.0006435006435006435
5557777	0.0006435006435006435
2931481	0.0006435006435006435
4419035	0.0006435006435006435
1989274	0.0006435006435006435
3084210	0.0006435006435006435
6772624	0.0006435006435006435
1080123	0.0006435006435006435
6251454	0.0006435006435006435
8339335	0.0006435006435006435
7280494	0.0006435006435006435
7623137	0.0006435006435006435
2141481	0.0006435006435006435
7737179	0.0006435006435006435
6593910	0.0006435006435006435
7093494	0.0006435006435006435
2548060	0.0006435006435006435
6475265	0.0006435006435006435
3833388	0.0006435006435006435
3258849	0.0006435006435006435
2621524	0.0006435006435006435
9511670	0.0006435006435006435
0529172	0.0006435006435006435
1597532	0.0006435006435006435
6064101	0.0006435006435006435
0710969	0.0006435006435006435
3015285	0.0006435006435006435
4518500	0.0006435006435006435
5112248	0.0006435006435006435
8948112	0.0006435006435006435
4217742	0.0006435006435006435
9331388	0.0006435006435006435
4795117	0.0006435006435006435
3007212	0.0006435006435006435
1021561	0.0006435006435006435
3443911	0.0006435006435006435
1312824	0.0006435006435006435
5678105	0.0006435006435006435
9291437	0.0006435006435006435
2026171	0.0006435006435006435
2272002	0.0006435006435006435
2101983	0.0006435006435006435
5306722	0.0006435006435006435
6090049	0.0006435006435006435
5868815	0.0006435006435006435
2211592	0.0006435006435006435
3869151	0.0006435006435006435
1294000	0.0006435006435006435
0411382	0.0006435006435006435
3575516	0.0006435006435006435
3669783	0.0006435006435006435
9447662	0.0006435006435006435
6696407	0.0006435006435006435
8249044	0.0006435006435006435
5691419	0.0006435006435006435
5320235	0.0006435006435006435
9999980	0.0006435006435006435
4604238	0.0006435006435006435
3364391	0.0006435006435006435
6920096	0.0006435006435006435
9920305	0.0006435006435006435
9805968	0.0006435006435006435
5554403	0.0006435006435006435
4113275	0.0006435006435006435
1836101	0.0006435006435006435
8757610	0.0006435006435006435
8937076	0.0006435006435006435
7465942	0.0006435006435006435
7545871	0.0006435006435006435
2927223	0.0006435006435006435
5540390	0.0006435006435006435
8438048	0.0006435006435006435
1904851	0.0006435006435006435
3875109	0.0006435006435006435
4849637	0.0006435006435006435
4317611	0.0006435006435006435
8217752	0.0006435006435006435
5007063	0.0006435006435006435
2191996	0.0006435006435006435
4334362	0.0006435006435006435
1379500	0.0006435006435006435
6581901	0.0006435006435006435
2855744	0.0006435006435006435
4332522	0.0006435006435006435
2726833	0.0006435006435006435
8274260	0.0006435006435006435
7837006	0.0006435006435006435
2779002	0.0006435006435006435
5544768	0.0006435006435006435
5511871	0.0006435006435006435
4874874	0.0006435006435006435
2312037	0.0006435006435006435
2160477	0.0006435006435006435
6666666	0.0006435006435006435
5210931	0.0006435006435006435
4071986	0.0006435006435006435
7848510	0.0006435006435006435
2851989	0.0006435006435006435
6226640	0.0006435006435006435
7667761	0.0006435006435006435
9903740	0.0006435006435006435
4622508	0.0006435006435006435
2354972	0.0006435006435006435
8713597	0.0006435006435006435
3289487	0.0006435006435006435
0036310	0.0006435006435006435
1244769	0.0006435006435006435
0208858	0.0006435006435006435
4560987	0.0006435006435006435
6356902	0.0006435006435006435
4456089	0.0006435006435006435
3792067	0.0006435006435006435
6255555	0.0006435006435006435
3007411	0.0006435006435006435
4852156	0.0006435006435006435
5317259	0.0006435006435006435
9701557	0.0006435006435006435
2793319	0.0006435006435006435
2609194	0.0006435006435006435
4632686	0.0006435006435006435
9714990	0.0006435006435006435
3792951	0.0006435006435006435
5081099	0.0006435006435006435
4156032	0.0006435006435006435
2917024	0.0006435006435006435
1212321	0.0006435006435006435
7514785	0.0006435006435006435
4488888	0.0006435006435006435
9181414	0.0006435006435006435
1027870	0.0006435006435006435
9119308	0.0006435006435006435
1534268	0.0006435006435006435
0404460	0.0006435006435006435
2267614	0.0006435006435006435
3319070	0.0006435006435006435
1845874	0.0006435006435006435
5641289	0.0006435006435006435
6053686	0.0006435006435006435
0809997	0.0006435006435006435
5713059	0.0006435006435006435
4100312	0.0006435006435006435
2659992	0.0006435006435006435
2536111	0.0006435006435006435
6474394	0.0006435006435006435
7783125	0.0006435006435006435
8567808	0.0006435006435006435
5210558	0.0006435006435006435
4211292	0.0006435006435006435
1145672	0.0006435006435006435
2070895	0.0006435006435006435
2447651	0.0006435006435006435
0505401	0.0006435006435006435
8000005	0.0006435006435006435
1832956	0.0006435006435006435
2512215	0.0006435006435006435
7169636	0.0006435006435006435
5757443	0.0006435006435006435
1979111	0.0006435006435006435
6928926	0.0006435006435006435
7698008	0.0006435006435006435
4931217	0.0006435006435006435
5589224	0.0006435006435006435
9757062	0.0006435006435006435
1434561	0.0006435006435006435
0909097	0.0006435006435006435
7224361	0.0006435006435006435
6082006	0.0006435006435006435
1979856	0.0006435006435006435
2843422	0.0006435006435006435
9850480	0.0006435006435006435
5523254	0.0006435006435006435
5548342	0.0006435006435006435
6061158	0.0006435006435006435
6229149	0.0006435006435006435
3561657	0.0006435006435006435
1051313	0.0006435006435006435
0831227	0.0006435006435006435
3800529	0.0006435006435006435
1993825	0.0006435006435006435
2424602	0.0006435006435006435
7284866	0.0006435006435006435
8496919	0.0006435006435006435
8826880	0.0006435006435006435
7914375	0.0006435006435006435
3831517	0.0006435006435006435
1832456	0.0006435006435006435
8712888	0.0006435006435006435
0100081	0.0006435006435006435
1761986	0.0006435006435006435
5862441	0.0006435006435006435
2686962	0.0006435006435006435
3755293	0.0006435006435006435
1039891	0.0006435006435006435
7762208	0.0006435006435006435
1100222	0.0006435006435006435
4272418	0.0006435006435006435
4173809	0.0006435006435006435
9090123	0.0006435006435006435
1158493	0.0006435006435006435
7457513	0.0006435006435006435
7700825	0.0006435006435006435
1237777	0.0006435006435006435
9980777	0.0006435006435006435
6430570	0.0006435006435006435
1146745	0.0006435006435006435
9332259	0.0006435006435006435
9688407	0.0006435006435006435
7239863	0.0006435006435006435
0072778	0.0006435006435006435
3456789	0.0006435006435006435
5504740	0.0006435006435006435
1522316	0.0006435006435006435
4315111	0.0006435006435006435
2480259	0.0006435006435006435
5723413	0.0006435006435006435
7235322	0.0006435006435006435
5033229	0.0006435006435006435
7276126	0.0006435006435006435
1075463	0.0006435006435006435
9499465	0.0006435006435006435
3514379	0.0006435006435006435
2369511	0.0006435006435006435
1957473	0.0006435006435006435
6222505	0.0006435006435006435
1324356	0.0006435006435006435
2891672	0.0006435006435006435
5876908	0.0006435006435006435
8057392	0.0006435006435006435
4252740	0.0006435006435006435
3631935	0.0006435006435006435
4008407	0.0006435006435006435
3359624	0.0006435006435006435
5013476	0.0006435006435006435
0780937	0.0006435006435006435
5990077	0.0006435006435006435
0183717	0.0006435006435006435
4014394	0.0006435006435006435
5232524	0.0006435006435006435
1526127	0.0006435006435006435
9426126	0.0006435006435006435
1111979	0.0006435006435006435
5090680	0.0006435006435006435
1515156	0.0006435006435006435
3518600	0.0006435006435006435
4310899	0.0006435006435006435
5030117	0.0006435006435006435
2242001	0.0006435006435006435
4140432	0.0006435006435006435
4528303	0.0006435006435006435
5166770	0.0006435006435006435
4744167	0.0006435006435006435
2938580	0.0006435006435006435
3311987	0.0006435006435006435
1598753	0.0006435006435006435
9111111	0.0006435006435006435
6422261	0.0006435006435006435
1940930	0.0006435006435006435
8925405	0.0006435006435006435
1267184	0.0006435006435006435
4201984	0.0006435006435006435
3128303	0.0006435006435006435
3044872	0.0006435006435006435
2433177	0.0006435006435006435
0063762	0.0006435006435006435
7009915	0.0006435006435006435
4203152	0.0006435006435006435
2410297	0.0006435006435006435
8992917	0.0006435006435006435
3573578	0.0006435006435006435
3236960	0.0006435006435006435
0900888	0.0006435006435006435
8887771	0.0006435006435006435
0109380	0.0006435006435006435
2698361	0.0006435006435006435
2289551	0.0006435006435006435
1358892	0.0006435006435006435
9168479	0.0006435006435006435
0111656	0.0006435006435006435
2471990	0.0006435006435006435
5974044	0.0006435006435006435
1007624	0.0006435006435006435
6480046	0.0006435006435006435
3849767	0.0006435006435006435
1029663	0.0006435006435006435
1008302	0.0006435006435006435
4444444	0.0006435006435006435
7409580	0.0006435006435006435
2708210	0.0006435006435006435
3177345	0.0006435006435006435
1995600	0.0006435006435006435
6619860	0.0006435006435006435
1985266	0.0006435006435006435
9124650	0.0006435006435006435
6898026	0.0006435006435006435
4503070	0.0006435006435006435
9350673	0.0006435006435006435
9563083	0.0006435006435006435
4999042	0.0006435006435006435
2476646	0.0006435006435006435
4563302	0.0006435006435006435
3378546	0.0006435006435006435
2512993	0.0006435006435006435
8002080	0.0006435006435006435
3710717	0.0006435006435006435
5352777	0.0006435006435006435
4113562	0.0006435006435006435
6767676	0.0006435006435006435
1470553	0.0006435006435006435
7812281	0.0006435006435006435
5654533	0.0006435006435006435
2125100	0.0006435006435006435
7371802	0.0006435006435006435
5443128	0.0006435006435006435
9885377	0.0006435006435006435
5387828	0.0006435006435006435
3233326	0.0006435006435006435
8221142	0.0006435006435006435
2234880	0.0006435006435006435
8299885	0.0006435006435006435
8624297	0.0006435006435006435
4251623	0.0006435006435006435
3565000	0.0006435006435006435
9137691	0.0006435006435006435
3574004	0.0006435006435006435
4718243	0.0006435006435006435
7128687	0.0006435006435006435
3779832	0.0006435006435006435
5143094	0.0006435006435006435
9998888	0.0006435006435006435
2036248	0.0006435006435006435
6626347	0.0006435006435006435
5299765	0.0006435006435006435
9355428	0.0006435006435006435
6969691	0.0006435006435006435
0762103	0.0006435006435006435
5311045	0.0006435006435006435
2750802	0.0006435006435006435
3863910	0.0006435006435006435
6081047	0.0006435006435006435
8887138	0.0006435006435006435
1442005	0.0006435006435006435
1312187	0.0006435006435006435
1001001	0.0006435006435006435
2471997	0.0006435006435006435
0062909	0.0006435006435006435
8613522	0.0006435006435006435
1299100	0.0006435006435006435
8547696	0.0006435006435006435
9132800	0.0006435006435006435
7596240	0.0006435006435006435
1919195	0.0006435006435006435
7223048	0.0006435006435006435
2485472	0.0006435006435006435
2606321	0.0006435006435006435
4861045	0.0006435006435006435
9202682	0.0006435006435006435
8014553	0.0006435006435006435
9360230	0.0006435006435006435
5319113	0.0006435006435006435
1744220	0.0006435006435006435
2202822	0.0006435006435006435
7607409	0.0006435006435006435
6470060	0.0006435006435006435
5112044	0.0006435006435006435
8888888	0.0006435006435006435
1191654	0.0006435006435006435
9752824	0.0006435006435006435
3824820	0.0006435006435006435
1971974	0.0006435006435006435
1053632	0.0006435006435006435
7459455	0.0006435006435006435
2683346	0.0006435006435006435
7924523	0.0006435006435006435
8374795	0.0006435006435006435
4586892	0.0006435006435006435
1074921	0.0006435006435006435
2961997	0.0006435006435006435
3510374	0.0006435006435006435
6955032	0.0006435006435006435
3616124	0.0006435006435006435
0546682	0.0006435006435006435
7769733	0.0006435006435006435
8196542	0.0006435006435006435
8709407	0.0006435006435006435
0771366	0.0006435006435006435
0542821	0.0006435006435006435
6924064	0.0006435006435006435
4451160	0.0006435006435006435
4581892	0.0006435006435006435
3231649	0.0006435006435006435
0901986	0.0006435006435006435
8435421	0.0006435006435006435
4911727	0.0006435006435006435
0922957	0.0006435006435006435
0133052	0.0006435006435006435
1035789	0.0006435006435006435
8123456	0.0006435006435006435
4232846	0.0006435006435006435
4293455	0.0006435006435006435
9206133	0.0006435006435006435
5384688	0.0006435006435006435
2745056	0.0006435006435006435
1785166	0.0006435006435006435
2904144	0.0006435006435006435
4801294	0.0006435006435006435
3408137	0.0006435006435006435
6367354	0.0006435006435006435
9668822	0.0006435006435006435
5282071	0.0006435006435006435
2761792	0.0006435006435006435
1547321	0.0006435006435006435
2204532	0.0006435006435006435
0031298	0.0006435006435006435
7148700	0.0006435006435006435
8119352	0.0006435006435006435
8311960	0.0006435006435006435
6307495	0.0006435006435006435
7743047	0.0006435006435006435
2552615	0.0006435006435006435
8636469	0.0006435006435006435
5634547	0.0006435006435006435
8762694	0.0006435006435006435
1234568	0.0006435006435006435
6162793	0.0006435006435006435
3010208	0.0006435006435006435
3047244	0.0006435006435006435
4111982	0.0006435006435006435
4760591	0.0006435006435006435
1926778	0.0006435006435006435
2464603	0.0006435006435006435
2107206	0.0006435006435006435
8888885	0.0006435006435006435
0703255	0.0006435006435006435
9698442	0.0006435006435006435
5347045	0.0006435006435006435
2386311	0.0006435006435006435
1250126	0.0006435006435006435
4525609	0.0006435006435006435
3023597	0.0006435006435006435
5811157	0.0006435006435006435
2223914	0.0006435006435006435
7357972	0.0006435006435006435
9664834	0.0006435006435006435
5358153	0.0006435006435006435
9201775	0.0006435006435006435
0309003	0.0006435006435006435
7084846	0.0006435006435006435
6821012	0.0006435006435006435
2097820	0.0006435006435006435
6324256	0.0006435006435006435
5086088	0.0006435006435006435
5818123	0.0006435006435006435
3223158	0.0006435006435006435
5477548	0.0006435006435006435
2159840	0.0006435006435006435
8948727	0.0006435006435006435
1433169	0.0006435006435006435
2818425	0.0006435006435006435
2050241	0.0006435006435006435
5207799	0.0006435006435006435
1396788	0.0006435006435006435
6921073	0.0006435006435006435
1512849	0.0006435006435006435
6322145	0.0006435006435006435
7157423	0.0006435006435006435
2454683	0.0006435006435006435
4145730	0.0006435006435006435
9031614	0.0006435006435006435
8768225	0.0006435006435006435
1048710	0.0006435006435006435
6619901	0.0006435006435006435
1917587	0.0006435006435006435
4815838	0.0006435006435006435
5679052	0.0006435006435006435
9908146	0.0006435006435006435
1013023	0.0006435006435006435
6946965	0.0006435006435006435
1681984	0.0006435006435006435
6456221	0.0006435006435006435
1574255	0.0006435006435006435
4466150	0.0006435006435006435
4727688	0.0006435006435006435
6880012	0.0006435006435006435
6776289	0.0006435006435006435
5567890	0.0006435006435006435
4888888	0.0006435006435006435
1735721	0.0006435006435006435
6948709	0.0006435006435006435
4851178	0.0006435006435006435
6335845	0.0006435006435006435
1007223	0.0006435006435006435
1561704	0.0006435006435006435
8944054	0.0006435006435006435
4750674	0.0006435006435006435
0190893	0.0006435006435006435
6082117	0.0006435006435006435
1003967	0.0006435006435006435
9029672	0.0006435006435006435
7317759	0.0006435006435006435
4314649	0.0006435006435006435
4146762	0.0006435006435006435
2752947	0.0006435006435006435
3940119	0.0006435006435006435
2468642	0.0006435006435006435
3765625	0.0006435006435006435
0184918	0.0006435006435006435
5122133	0.0006435006435006435
3868825	0.0006435006435006435
0174240	0.0006435006435006435
1312625	0.0006435006435006435
3458769	0.0006435006435006435
7771777	0.0006435006435006435
5625863	0.0006435006435006435
8658336	0.0006435006435006435
2531998	0.0006435006435006435
2780420	0.0006435006435006435
1885581	0.0006435006435006435
2426589	0.0006435006435006435
1452521	0.0006435006435006435
2711995	0.0006435006435006435
9431443	0.0006435006435006435
1090909	0.0006435006435006435
1641993	0.0006435006435006435
3292125	0.0006435006435006435
8523289	0.0006435006435006435
8743842	0.0006435006435006435
2543545	0.0006435006435006435
5174823	0.0006435006435006435
7377855	0.0006435006435006435
1986710	0.0006435006435006435
8835426	0.0006435006435006435
8480851	0.0006435006435006435
1230000	0.0006435006435006435
2344335	0.0006435006435006435
0632008	0.0006435006435006435
1824613	0.0006435006435006435
5147048	0.0006435006435006435
4077352	0.0006435006435006435
9808123	0.0006435006435006435
6171000	0.0006435006435006435
7655610	0.0006435006435006435
3860855	0.0006435006435006435
4965599	0.0006435006435006435
9067682	0.0006435006435006435
3121971	0.0006435006435006435
4812660	0.0006435006435006435
1357901	0.0006435006435006435
9999999	0.0006435006435006435
4484881	0.0006435006435006435
4305474	0.0006435006435006435
2468880	0.0006435006435006435
2767143	0.0006435006435006435
1235813	0.0006435006435006435
7890123	0.0006435006435006435
6314964	0.0006435006435006435
1737555	0.0006435006435006435
1632178	0.0006435006435006435
8822711	0.0006435006435006435
4785587	0.0006435006435006435
7007115	0.0006435006435006435
9954305	0.0006435006435006435
1312000	0.0006435006435006435
0011110	0.0006435006435006435
5478137	0.0006435006435006435
7857128	0.0006435006435006435
5179323	0.0006435006435006435
7828830	0.0006435006435006435
7415369	0.0006435006435006435
4326229	0.0006435006435006435
4608512	0.0006435006435006435
7250513	0.0006435006435006435
9851751	0.0006435006435006435
0691997	0.0006435006435006435
5678901	0.0006435006435006435
4544780	0.0006435006435006435
5414581	0.0006435006435006435
1711996	0.0006435006435006435
4538945	0.0006435006435006435
9156915	0.0006435006435006435
7850197	0.0006435006435006435
5349338	0.0006435006435006435
5345503	0.0006435006435006435
2694102	0.0006435006435006435
7100339	0.0006435006435006435
1361997	0.0006435006435006435
2721737	0.0006435006435006435
4211033	0.0006435006435006435
7263658	0.0006435006435006435
5928750	0.0006435006435006435
5381275	0.0006435006435006435
3653353	0.0006435006435006435
1208910	0.0006435006435006435
3599187	0.0006435006435006435
6164828	0.0006435006435006435
8866388	0.0006435006435006435
7399219	0.0006435006435006435
2468000	0.0006435006435006435
2424415	0.0006435006435006435
5420745	0.0006435006435006435
3031995	0.0006435006435006435
4727078	0.0006435006435006435
5948425	0.0006435006435006435
6649545	0.0006435006435006435
5398962	0.0006435006435006435
2008299	0.0006435006435006435
0918755	0.0006435006435006435
9403743	0.0006435006435006435
1377450	0.0006435006435006435
5763158	0.0006435006435006435
4611756	0.0006435006435006435
2531814	0.0006435006435006435
7625865	0.0006435006435006435
7331675	0.0006435006435006435
5822295	0.0006435006435006435
8252621	0.0006435006435006435
1633651	0.0006435006435006435
5071934	0.0006435006435006435
9424597	0.0006435006435006435
8260793	0.0006435006435006435
0000001	0.0006435006435006435
2219765	0.0006435006435006435
1803991	0.0006435006435006435
5743281	0.0006435006435006435
7660574	0.0006435006435006435
4080369	0.0006435006435006435
3506311	0.0006435006435006435
2625524	0.0006435006435006435
0171998	0.0006435006435006435
6199619	0.0006435006435006435
3310197	0.0006435006435006435
2132075	0.0006435006435006435
3663300	0.0006435006435006435
1043925	0.0006435006435006435
9992170	0.0006435006435006435
2549336	0.0006435006435006435
6165906	0.0006435006435006435
2020576	0.0006435006435006435
2934551	0.0006435006435006435
1125964	0.0006435006435006435
1909984	0.0006435006435006435
6841634	0.0006435006435006435
6782777	0.0006435006435006435
4278918	0.0006435006435006435
6275740	0.0006435006435006435
3401807	0.0006435006435006435
4160323	0.0006435006435006435
2245164	0.0006435006435006435
4277483	0.0006435006435006435
0652431	0.0006435006435006435
1482300	0.0006435006435006435
5128540	0.0006435006435006435
6299709	0.0006435006435006435
6650841	0.0006435006435006435
7970957	0.0006435006435006435
1016290	0.0006435006435006435
8181551	0.0006435006435006435
3561636	0.0006435006435006435
2323119	0.0006435006435006435
2338676	0.0006435006435006435
0601261	0.0006435006435006435
6303334	0.0006435006435006435
8728578	0.0006435006435006435
4290042	0.0006435006435006435
2677533	0.0006435006435006435
3930909	0.0006435006435006435
6789377	0.0006435006435006435
2541991	0.0006435006435006435
3146255	0.0006435006435006435
3941116	0.0006435006435006435
1324582	0.0006435006435006435
1867666	0.0006435006435006435
5788578	0.0006435006435006435
1415926	0.0006435006435006435
8320495	0.0006435006435006435
2151715	0.0006435006435006435
2081346	0.0006435006435006435
3241407	0.0006435006435006435
4772167	0.0006435006435006435
7010230	0.0006435006435006435
3526248	0.0006435006435006435
9933850	0.0006435006435006435
3000020	0.0006435006435006435
3959355	0.0006435006435006435
8106852	0.0006435006435006435
7170164	0.0006435006435006435
5852580	0.0006435006435006435
3224917	0.0006435006435006435
8828142	0.0006435006435006435
3803430	0.0006435006435006435
5345322	0.0006435006435006435
3362461	0.0006435006435006435
1996568	0.0006435006435006435
2251367	0.0006435006435006435
6727635	0.0006435006435006435
2478205	0.0006435006435006435
5071984	0.0006435006435006435
2301983	0.0006435006435006435
8435621	0.0006435006435006435
9539063	0.0006435006435006435
8168614	0.0006435006435006435
8839889	0.0006435006435006435
8339784	0.0006435006435006435
3081240	0.0006435006435006435
7771860	0.0006435006435006435
8930302	0.0006435006435006435
4355641	0.0006435006435006435
2181638	0.0006435006435006435
3821638	0.0006435006435006435
5595710	0.0006435006435006435
8826589	0.0006435006435006435
6111984	0.0006435006435006435
5587355	0.0006435006435006435
5660429	0.0006435006435006435
4956951	0.0006435006435006435
2501080	0.0006435006435006435
2377522	0.0006435006435006435
7128110	0.0006435006435006435
6651962	0.0006435006435006435
2270828	0.0006435006435006435
2603867	0.0006435006435006435
0081594	0.0006435006435006435
2377777	0.0006435006435006435
8164481	0.0006435006435006435
4408368	0.0006435006435006435
3436364	0.0006435006435006435
3600735	0.0006435006435006435
8567866	0.0006435006435006435
2124283	0.0006435006435006435
7141701	0.0006435006435006435
5636288	0.0006435006435006435
2122516	0.0006435006435006435
5221322	0.0006435006435006435
2904881	0.0006435006435006435
7172327	0.0006435006435006435
3922762	0.0006435006435006435
5552424	0.0006435006435006435
6473068	0.0006435006435006435
9236626	0.0006435006435006435
1115984	0.0006435006435006435
7655601	0.0006435006435006435
1377731	0.0006435006435006435
2110120	0.0006435006435006435
8706222	0.0006435006435006435
1679224	0.0006435006435006435
7251568	0.0006435006435006435
3414182	0.0006435006435006435
6717695	0.0006435006435006435
2681498	0.0006435006435006435
1234789	0.0006435006435006435
2772535	0.0006435006435006435
4308630	0.0006435006435006435
8342853	0.0006435006435006435
7123931	0.0006435006435006435
3112527	0.0006435006435006435
9410623	0.0006435006435006435
9112577	0.0006435006435006435
9882172	0.0006435006435006435
1053312	0.0006435006435006435
4743461	0.0006435006435006435
6856237	0.0006435006435006435
2626262	0.0006435006435006435
7359456	0.0006435006435006435
9931278	0.0006435006435006435
2244147	0.0006435006435006435
3175903	0.0006435006435006435
6955144	0.0006435006435006435
8911633	0.0006435006435006435
2110105	0.0006435006435006435
4898716	0.0006435006435006435
3116560	0.0006435006435006435
0961021	0.0006435006435006435
2316185	0.0006435006435006435
5040820	0.0006435006435006435
6292529	0.0006435006435006435
4488035	0.0006435006435006435
8520790	0.0006435006435006435
2151905	0.0006435006435006435
2333383	0.0006435006435006435
8876215	0.0006435006435006435
5872485	0.0006435006435006435
4286746	0.0006435006435006435
4715918	0.0006435006435006435
5131512	0.0006435006435006435
4503594	0.0006435006435006435
7512286	0.0006435006435006435
4397213	0.0006435006435006435
6677581	0.0006435006435006435
1989313	0.0006435006435006435
5555555	0.0006435006435006435
7717087	0.0006435006435006435
3210607	0.0006435006435006435
2443353	0.0006435006435006435
7076667	0.0006435006435006435
7008014	0.0006435006435006435
5171983	0.0006435006435006435
6757588	0.0006435006435006435
7131993	0.0006435006435006435
2231845	0.0006435006435006435
9722398	0.0006435006435006435
8511346	0.0006435006435006435
2542413	0.0006435006435006435
0561587	0.0006435006435006435
2699828	0.0006435006435006435
2582863	0.0006435006435006435
4779643	0.0006435006435006435
8901029	0.0006435006435006435
5781693	0.0006435006435006435
4045995	0.0006435006435006435
0403021	0.0006435006435006435
8920094	0.0006435006435006435
7855177	0.0006435006435006435
1234554	0.0006435006435006435
9089979	0.0006435006435006435
2431391	0.0006435006435006435
5516721	0.0006435006435006435
3345045	0.0006435006435006435
1407941	0.0006435006435006435
1010628	0.0006435006435006435
2625341	0.0006435006435006435
4742766	0.0006435006435006435
7798199	0.0006435006435006435
1403725	0.0006435006435006435
3195849	0.0006435006435006435
6301233	0.0006435006435006435
7090105	0.0006435006435006435
2322102	0.0006435006435006435
6476028	0.0006435006435006435
6632154	0.0006435006435006435
6886939	0.0006435006435006435
6542928	0.0006435006435006435
2907361	0.0006435006435006435
6416563	0.0006435006435006435
1221254	0.0006435006435006435
9212116	0.0006435006435006435
8567768	0.0006435006435006435
1337711	0.0006435006435006435
8123389	0.0006435006435006435
7374213	0.0006435006435006435
6585996	0.0006435006435006435
4208638	0.0006435006435006435
5359112	0.0006435006435006435
6972510	0.0006435006435006435
1404911	0.0006435006435006435
2468521	0.0006435006435006435
1757815	0.0006435006435006435
0384737	0.0006435006435006435
2011101	0.0006435006435006435
1201978	0.0006435006435006435
2902916	0.0006435006435006435
2250327	0.0006435006435006435
1973208	0.0006435006435006435
8964590	0.0006435006435006435
9668953	0.0006435006435006435
3332825	0.0006435006435006435
9137979	0.0006435006435006435
4342608	0.0006435006435006435
3446272	0.0006435006435006435
0603000	0.0006435006435006435
9781164	0.0006435006435006435
1111110	0.0006435006435006435
1138057	0.0006435006435006435
1108353	0.0006435006435006435
4076928	0.0006435006435006435
4394263	0.0006435006435006435
8423345	0.0006435006435006435
1978923	0.0006435006435006435
7858542	0.0006435006435006435
6292002	0.0006435006435006435
2121988	0.0006435006435006435
9417197	0.0006435006435006435
4529104	0.0006435006435006435
4067713	0.0006435006435006435
2888464	0.0006435006435006435
4202102	0.0006435006435006435
6669666	0.0006435006435006435
5680402	0.0006435006435006435
1199562	0.0006435006435006435
2222225	0.0006435006435006435
9135455	0.0006435006435006435
2513235	0.0006435006435006435
2569050	0.0006435006435006435
3975744	0.0006435006435006435
7508055	0.0006435006435006435
9912052	0.0006435006435006435
7935406	0.0006435006435006435
2219934	0.0006435006435006435
8617871	0.0006435006435006435
1104035	0.0006435006435006435
2088778	0.0006435006435006435
2197989	0.0006435006435006435
8475786	0.0006435006435006435
0017440	0.0006435006435006435
1235789	0.0006435006435006435
0309980	0.0006435006435006435
2317225	0.0006435006435006435
2508789	0.0006435006435006435
4455329	0.0006435006435006435
1234855	0.0006435006435006435
6087968	0.0006435006435006435
9105218	0.0006435006435006435
2432007	0.0006435006435006435
7367590	0.0006435006435006435
9452345	0.0006435006435006435
5264146	0.0006435006435006435
9500233	0.0006435006435006435
5292322	0.0006435006435006435
2331985	0.0006435006435006435
6965838	0.0006435006435006435
8221752	0.0006435006435006435
1428000	0.0006435006435006435
2020210	0.0006435006435006435
1984123	0.0006435006435006435
5732199	0.0006435006435006435
5946156	0.0006435006435006435
3175092	0.0006435006435006435
6131180	0.0006435006435006435
2345678	0.0006435006435006435
3389668	0.0006435006435006435
5392809	0.0006435006435006435
5521515	0.0006435006435006435
4565044	0.0006435006435006435
1111112	0.0006435006435006435
4205626	0.0006435006435006435
5364225	0.0006435006435006435
0334714	0.0006435006435006435
2232005	0.0006435006435006435
2296954	0.0006435006435006435
8181990	0.0006435006435006435
6422074	0.0006435006435006435
5652461	0.0006435006435006435
4776545	0.0006435006435006435
7186258	0.0006435006435006435
9240255	0.0006435006435006435
1162998	0.0006435006435006435
9483985	0.0006435006435006435
2615000	0.0006435006435006435
9801681	0.0006435006435006435
0000009	0.0006435006435006435
1016202	0.0006435006435006435
2322529	0.0006435006435006435
4527226	0.0006435006435006435
0808983	0.0006435006435006435
9320638	0.0006435006435006435
9761297	0.0006435006435006435
9051010	0.0006435006435006435
4889614	0.0006435006435006435
9739664	0.0006435006435006435
4943865	0.0006435006435006435
2405611	0.0006435006435006435
8063064	0.0006435006435006435
7418929	0.0006435006435006435
2549224	0.0006435006435006435
0187481	0.0006435006435006435
2323231	0.0006435006435006435
5591424	0.0006435006435006435
0033300	0.0006435006435006435
6685869	0.0006435006435006435
5969167	0.0006435006435006435
7487754	0.0006435006435006435
8360319	0.0006435006435006435
1023665	0.0006435006435006435
1141511	0.0006435006435006435
2391935	0.0006435006435006435
3185656	0.0006435006435006435
7492515	0.0006435006435006435
8023299	0.0006435006435006435
0310997	0.0006435006435006435
4981990	0.0006435006435006435
8880888	0.0006435006435006435
9990666	0.0006435006435006435
7896280	0.0006435006435006435
8243588	0.0006435006435006435
8445885	0.0006435006435006435
8276012	0.0006435006435006435
5626362	0.0006435006435006435
3205097	0.0006435006435006435
6731010	0.0006435006435006435
8022117	0.0006435006435006435
4585868	0.0006435006435006435
8941112	0.0006435006435006435
3449934	0.0006435006435006435
4343061	0.0006435006435006435
2254747	0.0006435006435006435
8712933	0.0006435006435006435
5016021	0.0006435006435006435
0251990	0.0006435006435006435
2656360	0.0006435006435006435
